accuracy =

    0.5784