accuracy =

    0.6481
