accuracy =

    0.8084